============================================================
MÉTRICAS FINALES DE TEST (UNIDADES FÃSICAS)
------------------------------------------------------------
      rmse_aurora  mae_aurora  rmse_persist  skill_score
step
1        0.699240    0.740033      0.767749     8.923440
2        1.007393    1.060502      1.338562    24.740678
3        1.261916    1.326139      1.782760    29.215600
4        1.486945    1.560101      2.144928    30.676202
5        1.689419    1.770561      2.448992    31.015748
6        1.879070    1.967660      2.708818    30.631359
7        2.061167    2.157736      2.933253    29.731008
8        2.238009    2.342401      3.129632    28.489704
9        2.409374    2.520643      3.302785    27.050224
10       2.574820    2.691852      3.457625    25.532130
11       2.731131    2.852487      3.597539    24.083347
12       2.877251    2.999604      3.726123    22.781642
============================================================