============================================================
METRICAS FINALES DE TEST (UNIDADES FISICAS)
------------------------------------------------------------
      rmse_aurora_ft  rmse_aurora_base  rmse_persist  rmse_clima  mae_aurora_ft  skill_vs_persist  skill_vs_clima  skill_vs_base
step                                                                                                                    
1           0.706517          3.890123      0.767749    4.514956       0.750691          7.975610       84.351637      81.838189
2           1.022733          4.857218      1.338562    4.515155       1.080531         23.594683       77.348892      78.944065
3           1.290071          5.147644      1.782760    4.515096       1.361539         27.636307       71.427611      74.938616
4           1.532516          5.259330      2.144928    4.515206       1.615809         28.551611       66.058774      70.860999
5           1.754865          5.291077      2.448992    4.515039       1.849603         28.343387       61.132893      66.833502
6           1.967316          5.267991      2.708818    4.515066       2.073250         27.373614       56.427736      62.655278
7           2.172757          5.230547      2.933253    4.514936       2.290191         25.926710       51.876237      58.460234
8           2.372368          5.189458      3.129632    4.515075       2.500159         24.196573       47.456724      54.284852
9           2.564277          5.154925      3.302785    4.515062       2.700931         22.360155       43.206163      50.255790
10          2.747628          5.126042      3.457625    4.515317       2.890973         20.534234       39.148720      46.398644
11          2.919264          5.096590      3.597539    4.515200       3.067013         18.853861       35.345859      42.721240
12          3.078370          5.067592      3.726123    4.515595       3.226579         17.384092       31.828027      39.253778
============================================================